[Sample 0]
    C: [{1, 2}, {3}, {0}]
    G: [[0. 1. 1.]
 [0. 0. 0.]
 [0. 0. 0.]]
    cluster score: (1066.2552232218163, [array([[0., 0.],
       [0., 0.]]), array([[0., 1.],
       [0., 0.]])], [378.1815456574742, 688.073677564342])
    graph_score: 721.9939929155214
[Sample 1]
    C: [{1, 2, 3}, {0}]
    G: [[0. 1.]
 [0. 0.]]
    cluster score: (890.5159862017756, [array([[0., 0., 0.],
       [0., 0., 0.],
       [0., 0., 0.]]), array([[0., 0., 0.],
       [0., 0., 1.],
       [0., 0., 0.]]), array([[0., 0., 1.],
       [0., 0., 0.],
       [0., 0., 0.]]), array([[0., 0., 1.],
       [0., 0., 1.],
       [0., 0., 0.]]), array([[0., 1., 0.],
       [0., 0., 0.],
       [0., 0., 0.]]), array([[0., 1., 0.],
       [0., 0., 1.],
       [0., 0., 0.]]), array([[0., 1., 1.],
       [0., 0., 0.],
       [0., 0., 0.]]), array([[0., 1., 1.],
       [0., 0., 1.],
       [0., 0., 0.]])], [-44.464892457938205, -44.464892457938205, 265.07969102896806, 265.4272394489296, -42.62446868850493, -42.62446868850493, 266.9201147984013, 267.26766321836294])
    graph_score: 311.3914928943964
[Sample 2]
    C: [{1, 2}, {3}, {0}]
    G: [[0. 1. 1.]
 [0. 0. 0.]
 [0. 0. 0.]]
    cluster score: (1066.2552232218163, [array([[0., 0.],
       [0., 0.]]), array([[0., 1.],
       [0., 0.]])], [378.1815456574742, 688.073677564342])
    graph_score: 721.9939929155214
[Sample 3]
    C: [{1, 2, 3}, {0}]
    G: [[0. 1.]
 [0. 0.]]
    cluster score: (890.5159862017756, [array([[0., 0., 0.],
       [0., 0., 0.],
       [0., 0., 0.]]), array([[0., 0., 0.],
       [0., 0., 1.],
       [0., 0., 0.]]), array([[0., 0., 1.],
       [0., 0., 0.],
       [0., 0., 0.]]), array([[0., 0., 1.],
       [0., 0., 1.],
       [0., 0., 0.]]), array([[0., 1., 0.],
       [0., 0., 0.],
       [0., 0., 0.]]), array([[0., 1., 0.],
       [0., 0., 1.],
       [0., 0., 0.]]), array([[0., 1., 1.],
       [0., 0., 0.],
       [0., 0., 0.]]), array([[0., 1., 1.],
       [0., 0., 1.],
       [0., 0., 0.]])], [-44.464892457938205, -44.464892457938205, 265.07969102896806, 265.4272394489296, -42.62446868850493, -42.62446868850493, 266.9201147984013, 267.26766321836294])
    graph_score: 309.89861754492466
[Sample 4]
    C: [{1, 2}, {3}, {0}]
    G: [[0. 0. 1.]
 [0. 0. 1.]
 [0. 0. 0.]]
    cluster score: (1066.2552232218163, [array([[0., 0.],
       [0., 0.]]), array([[0., 1.],
       [0., 0.]])], [378.1815456574742, 688.073677564342])
    graph_score: 721.9939929155214
[Sample 5]
    C: [{1, 2, 3}, {0}]
    G: [[0. 1.]
 [0. 0.]]
    cluster score: (3551.7147776378965, [array([[0., 0., 0.],
       [0., 0., 0.],
       [0., 0., 0.]]), array([[0., 0., 0.],
       [0., 0., 1.],
       [0., 0., 0.]]), array([[0., 0., 1.],
       [0., 0., 0.],
       [0., 0., 0.]]), array([[0., 0., 1.],
       [0., 0., 1.],
       [0., 0., 0.]]), array([[0., 1., 0.],
       [0., 0., 0.],
       [0., 0., 0.]]), array([[0., 1., 0.],
       [0., 0., 1.],
       [0., 0., 0.]]), array([[0., 1., 1.],
       [0., 0., 0.],
       [0., 0., 0.]]), array([[0., 1., 1.],
       [0., 0., 1.],
       [0., 0., 0.]])], [365.3046014141612, 365.3046014141612, 366.37060513073044, 675.1967333210289, 367.14502518359444, 367.14502518359444, 368.2110289001637, 677.0371570904622])
    graph_score: 411.6164032795895
[Sample 6]
    C: [{2, 3}, {1}, {0}]
    G: [[0. 1. 0.]
 [0. 0. 0.]
 [0. 0. 0.]]
    cluster score: (3551.7147776378965, [array([[0., 0., 0.],
       [0., 0., 0.],
       [0., 0., 0.]]), array([[0., 0., 0.],
       [0., 0., 1.],
       [0., 0., 0.]]), array([[0., 0., 1.],
       [0., 0., 0.],
       [0., 0., 0.]]), array([[0., 0., 1.],
       [0., 0., 1.],
       [0., 0., 0.]]), array([[0., 1., 0.],
       [0., 0., 0.],
       [0., 0., 0.]]), array([[0., 1., 0.],
       [0., 0., 1.],
       [0., 0., 0.]]), array([[0., 1., 1.],
       [0., 0., 0.],
       [0., 0., 0.]]), array([[0., 1., 1.],
       [0., 0., 1.],
       [0., 0., 0.]])], [365.3046014141612, 365.3046014141612, 366.37060513073044, 675.1967333210289, 367.14502518359444, 367.14502518359444, 368.2110289001637, 677.0371570904622])
    graph_score: 721.5085351864573
[Sample 7]
    C: [{2, 3}, {1}, {0}]
    G: [[0. 1. 1.]
 [0. 0. 1.]
 [0. 0. 0.]]
    cluster score: (3551.7147776378965, [array([[0., 0., 0.],
       [0., 0., 0.],
       [0., 0., 0.]]), array([[0., 0., 0.],
       [0., 0., 1.],
       [0., 0., 0.]]), array([[0., 0., 1.],
       [0., 0., 0.],
       [0., 0., 0.]]), array([[0., 0., 1.],
       [0., 0., 1.],
       [0., 0., 0.]]), array([[0., 1., 0.],
       [0., 0., 0.],
       [0., 0., 0.]]), array([[0., 1., 0.],
       [0., 0., 1.],
       [0., 0., 0.]]), array([[0., 1., 1.],
       [0., 0., 0.],
       [0., 0., 0.]]), array([[0., 1., 1.],
       [0., 0., 1.],
       [0., 0., 0.]])], [365.3046014141612, 365.3046014141612, 366.37060513073044, 675.1967333210289, 367.14502518359444, 367.14502518359444, 368.2110289001637, 677.0371570904622])
    graph_score: 719.668111417024
[Sample 8]
    C: [{2, 3}, {1}, {0}]
    G: [[0. 0. 1.]
 [0. 0. 1.]
 [0. 0. 0.]]
    cluster score: (3551.7147776378965, [array([[0., 0., 0.],
       [0., 0., 0.],
       [0., 0., 0.]]), array([[0., 0., 0.],
       [0., 0., 1.],
       [0., 0., 0.]]), array([[0., 0., 1.],
       [0., 0., 0.],
       [0., 0., 0.]]), array([[0., 0., 1.],
       [0., 0., 1.],
       [0., 0., 0.]]), array([[0., 1., 0.],
       [0., 0., 0.],
       [0., 0., 0.]]), array([[0., 1., 0.],
       [0., 0., 1.],
       [0., 0., 0.]]), array([[0., 1., 1.],
       [0., 0., 0.],
       [0., 0., 0.]]), array([[0., 1., 1.],
       [0., 0., 1.],
       [0., 0., 0.]])], [365.3046014141612, 365.3046014141612, 366.37060513073044, 675.1967333210289, 367.14502518359444, 367.14502518359444, 368.2110289001637, 677.0371570904622])
    graph_score: 721.5085351864573
[Sample 9]
    C: [{2, 3}, {1}, {0}]
    G: [[0. 1. 1.]
 [0. 0. 1.]
 [0. 0. 0.]]
    cluster score: (1064.6038514646684, [array([[0., 0.],
       [0., 0.]]), array([[0., 1.],
       [0., 0.]])], [376.4356478941839, 688.1682035704846])
    graph_score: 722.088518921664
[Sample 10]
    C: [{2, 3}, {0, 1}]
    G: [[0. 1.]
 [0. 0.]]
    cluster score: (1055.921353778783, [array([[0., 0., 0.],
       [0., 0., 0.],
       [0., 0., 0.]]), array([[0., 0., 0.],
       [0., 0., 1.],
       [0., 0., 0.]]), array([[0., 0., 1.],
       [0., 0., 0.],
       [0., 0., 0.]]), array([[0., 0., 1.],
       [0., 0., 1.],
       [0., 0., 0.]]), array([[0., 1., 0.],
       [0., 0., 0.],
       [0., 0., 0.]]), array([[0., 1., 0.],
       [0., 0., 1.],
       [0., 0., 0.]]), array([[0., 1., 1.],
       [0., 0., 0.],
       [0., 0., 0.]]), array([[0., 1., 1.],
       [0., 0., 1.],
       [0., 0., 0.]])], [-43.891394360788055, 265.653189126118, 38.357720808548905, 267.84116131551264, -43.89139436078808, 265.65318912611804, 38.35772080854889, 267.84116131551264])
    graph_score: 82.82909890454398
[Sample 11]
    C: [{3}, {2}, {0, 1}]
    G: [[0. 1. 1.]
 [0. 0. 0.]
 [0. 0. 0.]]
    cluster score: (1064.6038514646684, [array([[0., 0.],
       [0., 0.]]), array([[0., 1.],
       [0., 0.]])], [376.4356478941839, 688.1682035704846])
    graph_score: 410.3559632453633
[Sample 12]
    C: [{2, 3}, {0, 1}]
    G: [[0. 0.]
 [0. 0.]]
    cluster score: (1055.921353778783, [array([[0., 0., 0.],
       [0., 0., 0.],
       [0., 0., 0.]]), array([[0., 0., 0.],
       [0., 0., 1.],
       [0., 0., 0.]]), array([[0., 0., 1.],
       [0., 0., 0.],
       [0., 0., 0.]]), array([[0., 0., 1.],
       [0., 0., 1.],
       [0., 0., 0.]]), array([[0., 1., 0.],
       [0., 0., 0.],
       [0., 0., 0.]]), array([[0., 1., 0.],
       [0., 0., 1.],
       [0., 0., 0.]]), array([[0., 1., 1.],
       [0., 0., 0.],
       [0., 0., 0.]]), array([[0., 1., 1.],
       [0., 0., 1.],
       [0., 0., 0.]])], [-43.891394360788055, 265.653189126118, 38.357720808548905, 267.84116131551264, -43.89139436078808, 265.65318912611804, 38.35772080854889, 267.84116131551264])
    graph_score: 312.3125394115077
[Sample 13]
    C: [{3}, {2}, {0, 1}]
    G: [[0. 1. 1.]
 [0. 0. 1.]
 [0. 0. 0.]]
    cluster score: (1064.6038514646684, [array([[0., 0.],
       [0., 0.]]), array([[0., 1.],
       [0., 0.]])], [376.4356478941839, 688.1682035704846])
    graph_score: 722.088518921664
[Sample 14]
    C: [{2, 3}, {0, 1}]
    G: [[0. 1.]
 [0. 0.]]
    cluster score: (1055.921353778783, [array([[0., 0., 0.],
       [0., 0., 0.],
       [0., 0., 0.]]), array([[0., 0., 0.],
       [0., 0., 1.],
       [0., 0., 0.]]), array([[0., 0., 1.],
       [0., 0., 0.],
       [0., 0., 0.]]), array([[0., 0., 1.],
       [0., 0., 1.],
       [0., 0., 0.]]), array([[0., 1., 0.],
       [0., 0., 0.],
       [0., 0., 0.]]), array([[0., 1., 0.],
       [0., 0., 1.],
       [0., 0., 0.]]), array([[0., 1., 1.],
       [0., 0., 0.],
       [0., 0., 0.]]), array([[0., 1., 1.],
       [0., 0., 1.],
       [0., 0., 0.]])], [-43.891394360788055, 38.357720808548905, 265.653189126118, 267.84116131551264, -43.89139436078808, 38.35772080854889, 265.65318912611804, 267.84116131551264])
    graph_score: 312.3125394115077
[Sample 15]
    C: [{2}, {3}, {0, 1}]
    G: [[0. 1. 1.]
 [0. 0. 1.]
 [0. 0. 0.]]
    cluster score: (1055.921353778783, [array([[0., 0., 0.],
       [0., 0., 0.],
       [0., 0., 0.]]), array([[0., 0., 0.],
       [0., 0., 1.],
       [0., 0., 0.]]), array([[0., 0., 1.],
       [0., 0., 0.],
       [0., 0., 0.]]), array([[0., 0., 1.],
       [0., 0., 1.],
       [0., 0., 0.]]), array([[0., 1., 0.],
       [0., 0., 0.],
       [0., 0., 0.]]), array([[0., 1., 0.],
       [0., 0., 1.],
       [0., 0., 0.]]), array([[0., 1., 1.],
       [0., 0., 0.],
       [0., 0., 0.]]), array([[0., 1., 1.],
       [0., 0., 1.],
       [0., 0., 0.]])], [-43.891394360788055, 38.357720808548905, 265.653189126118, 267.84116131551264, -43.89139436078808, 38.35772080854889, 265.65318912611804, 267.84116131551264])
    graph_score: 310.1245672221131
[Sample 16]
    C: [{2}, {3}, {0, 1}]
    G: [[0. 1. 1.]
 [0. 0. 0.]
 [0. 0. 0.]]
    cluster score: (1055.921353778783, [array([[0., 0., 0.],
       [0., 0., 0.],
       [0., 0., 0.]]), array([[0., 0., 0.],
       [0., 0., 1.],
       [0., 0., 0.]]), array([[0., 0., 1.],
       [0., 0., 0.],
       [0., 0., 0.]]), array([[0., 0., 1.],
       [0., 0., 1.],
       [0., 0., 0.]]), array([[0., 1., 0.],
       [0., 0., 0.],
       [0., 0., 0.]]), array([[0., 1., 0.],
       [0., 0., 1.],
       [0., 0., 0.]]), array([[0., 1., 1.],
       [0., 0., 0.],
       [0., 0., 0.]]), array([[0., 1., 1.],
       [0., 0., 1.],
       [0., 0., 0.]])], [-43.891394360788055, 38.357720808548905, 265.653189126118, 267.84116131551264, -43.89139436078808, 38.35772080854889, 265.65318912611804, 267.84116131551264])
    graph_score: 310.12456722211306
[Sample 17]
    C: [{2}, {3}, {0, 1}]
    G: [[0. 0. 1.]
 [0. 0. 0.]
 [0. 0. 0.]]
    cluster score: (815.0409497803369, [array([[0., 0.],
       [0., 0.]]), array([[0., 1.],
       [0., 0.]])], [49.4409650826533, 765.5999846976836])
    graph_score: 799.520300048863
[Sample 18]
    C: [{2}, {0, 1, 3}]
    G: [[0. 1.]
 [0. 0.]]
    cluster score: (724.2915299220889, [array([[0.]])], [724.2915299220889])
    graph_score: 724.2915299220889
[Sample 19]
    C: [{0, 1, 2, 3}]
    G: [[0.]]
    cluster score: (1066.2552232218163, [array([[0., 0.],
       [0., 0.]]), array([[0., 1.],
       [0., 0.]])], [378.1815456574742, 688.073677564342])
    graph_score: 412.1018610086536
[Sample 20]
    C: [{1, 2, 3}, {0}]
    G: [[0. 0.]
 [0. 0.]]
    cluster score: (1066.2552232218163, [array([[0., 0.],
       [0., 0.]]), array([[0., 1.],
       [0., 0.]])], [378.1815456574742, 688.073677564342])
    graph_score: 721.9939929155214
[Sample 21]
    C: [{1, 2, 3}, {0}]
    G: [[0. 1.]
 [0. 0.]]
    cluster score: (453.03418053196157, [array([[0., 0., 0.],
       [0., 0., 0.],
       [0., 0., 0.]]), array([[0., 0., 0.],
       [0., 0., 1.],
       [0., 0., 0.]]), array([[0., 0., 1.],
       [0., 0., 0.],
       [0., 0., 0.]]), array([[0., 0., 1.],
       [0., 0., 1.],
       [0., 0., 0.]]), array([[0., 1., 0.],
       [0., 0., 0.],
       [0., 0., 0.]]), array([[0., 1., 0.],
       [0., 0., 1.],
       [0., 0., 0.]]), array([[0., 1., 1.],
       [0., 0., 0.],
       [0., 0., 0.]]), array([[0., 1., 1.],
       [0., 0., 1.],
       [0., 0., 0.]])], [-43.99240600498786, -43.99240600498786, 38.25670916434922, 265.8997259018799, -38.81967240012417, -38.81967240012417, 43.42944276921291, 271.0724595067436])
    graph_score: 315.5438376027387
[Sample 22]
    C: [{1, 3}, {2}, {0}]
    G: [[0. 1. 1.]
 [0. 0. 1.]
 [0. 0. 0.]]
    cluster score: (982.9602096862847, [array([[0., 0., 0., 0.],
       [0., 0., 0., 0.],
       [0., 0., 0., 0.],
       [0., 0., 0., 0.]]), array([[0., 0., 0., 0.],
       [0., 0., 0., 0.],
       [0., 0., 0., 1.],
       [0., 0., 0., 0.]]), array([[0., 0., 0., 0.],
       [0., 0., 0., 1.],
       [0., 0., 0., 0.],
       [0., 0., 0., 0.]]), array([[0., 0., 0., 0.],
       [0., 0., 0., 1.],
       [0., 0., 0., 1.],
       [0., 0., 0., 0.]]), array([[0., 0., 0., 0.],
       [0., 0., 1., 0.],
       [0., 0., 0., 0.],
       [0., 0., 0., 0.]]), array([[0., 0., 0., 0.],
       [0., 0., 1., 0.],
       [0., 0., 0., 1.],
       [0., 0., 0., 0.]]), array([[0., 0., 0., 0.],
       [0., 0., 1., 1.],
       [0., 0., 0., 0.],
       [0., 0., 0., 0.]]), array([[0., 0., 0., 0.],
       [0., 0., 1., 1.],
       [0., 0., 0., 1.],
       [0., 0., 0., 0.]]), array([[0., 0., 0., 1.],
       [0., 0., 0., 0.],
       [0., 0., 0., 0.],
       [0., 0., 0., 0.]]), array([[0., 0., 0., 1.],
       [0., 0., 0., 0.],
       [0., 0., 0., 1.],
       [0., 0., 0., 0.]]), array([[0., 0., 0., 1.],
       [0., 0., 0., 1.],
       [0., 0., 0., 0.],
       [0., 0., 0., 0.]]), array([[0., 0., 0., 1.],
       [0., 0., 1., 0.],
       [0., 0., 0., 0.],
       [0., 0., 0., 0.]]), array([[0., 0., 0., 1.],
       [0., 0., 1., 0.],
       [0., 0., 0., 1.],
       [0., 0., 0., 0.]]), array([[0., 0., 0., 1.],
       [0., 0., 1., 1.],
       [0., 0., 0., 0.],
       [0., 0., 0., 0.]]), array([[0., 0., 1., 0.],
       [0., 0., 0., 0.],
       [0., 0., 0., 0.],
       [0., 0., 0., 0.]]), array([[0., 0., 1., 0.],
       [0., 0., 0., 0.],
       [0., 0., 0., 1.],
       [0., 0., 0., 0.]]), array([[0., 0., 1., 0.],
       [0., 0., 0., 1.],
       [0., 0., 0., 0.],
       [0., 0., 0., 0.]]), array([[0., 0., 1., 0.],
       [0., 0., 0., 1.],
       [0., 0., 0., 1.],
       [0., 0., 0., 0.]]), array([[0., 0., 1., 0.],
       [0., 0., 1., 0.],
       [0., 0., 0., 0.],
       [0., 0., 0., 0.]]), array([[0., 0., 1., 0.],
       [0., 0., 1., 0.],
       [0., 0., 0., 1.],
       [0., 0., 0., 0.]]), array([[0., 0., 1., 0.],
       [0., 0., 1., 1.],
       [0., 0., 0., 0.],
       [0., 0., 0., 0.]]), array([[0., 0., 1., 0.],
       [0., 0., 1., 1.],
       [0., 0., 0., 1.],
       [0., 0., 0., 0.]]), array([[0., 0., 1., 1.],
       [0., 0., 0., 0.],
       [0., 0., 0., 0.],
       [0., 0., 0., 0.]]), array([[0., 0., 1., 1.],
       [0., 0., 0., 0.],
       [0., 0., 0., 1.],
       [0., 0., 0., 0.]]), array([[0., 0., 1., 1.],
       [0., 0., 0., 1.],
       [0., 0., 0., 0.],
       [0., 0., 0., 0.]]), array([[0., 0., 1., 1.],
       [0., 0., 1., 0.],
       [0., 0., 0., 0.],
       [0., 0., 0., 0.]]), array([[0., 0., 1., 1.],
       [0., 0., 1., 0.],
       [0., 0., 0., 1.],
       [0., 0., 0., 0.]]), array([[0., 0., 1., 1.],
       [0., 0., 1., 1.],
       [0., 0., 0., 0.],
       [0., 0., 0., 0.]]), array([[0., 1., 0., 0.],
       [0., 0., 0., 0.],
       [0., 0., 0., 0.],
       [0., 0., 0., 0.]]), array([[0., 1., 0., 0.],
       [0., 0., 0., 0.],
       [0., 0., 0., 1.],
       [0., 0., 0., 0.]]), array([[0., 1., 0., 0.],
       [0., 0., 0., 1.],
       [0., 0., 0., 0.],
       [0., 0., 0., 0.]]), array([[0., 1., 0., 0.],
       [0., 0., 0., 1.],
       [0., 0., 0., 1.],
       [0., 0., 0., 0.]]), array([[0., 1., 0., 0.],
       [0., 0., 1., 0.],
       [0., 0., 0., 0.],
       [0., 0., 0., 0.]]), array([[0., 1., 0., 0.],
       [0., 0., 1., 0.],
       [0., 0., 0., 1.],
       [0., 0., 0., 0.]]), array([[0., 1., 0., 0.],
       [0., 0., 1., 1.],
       [0., 0., 0., 0.],
       [0., 0., 0., 0.]]), array([[0., 1., 0., 0.],
       [0., 0., 1., 1.],
       [0., 0., 0., 1.],
       [0., 0., 0., 0.]]), array([[0., 1., 0., 1.],
       [0., 0., 0., 0.],
       [0., 0., 0., 0.],
       [0., 0., 0., 0.]]), array([[0., 1., 0., 1.],
       [0., 0., 0., 0.],
       [0., 0., 0., 1.],
       [0., 0., 0., 0.]]), array([[0., 1., 0., 1.],
       [0., 0., 0., 1.],
       [0., 0., 0., 0.],
       [0., 0., 0., 0.]]), array([[0., 1., 0., 1.],
       [0., 0., 1., 0.],
       [0., 0., 0., 0.],
       [0., 0., 0., 0.]]), array([[0., 1., 0., 1.],
       [0., 0., 1., 0.],
       [0., 0., 0., 1.],
       [0., 0., 0., 0.]]), array([[0., 1., 0., 1.],
       [0., 0., 1., 1.],
       [0., 0., 0., 0.],
       [0., 0., 0., 0.]]), array([[0., 1., 1., 0.],
       [0., 0., 0., 0.],
       [0., 0., 0., 0.],
       [0., 0., 0., 0.]]), array([[0., 1., 1., 0.],
       [0., 0., 0., 0.],
       [0., 0., 0., 1.],
       [0., 0., 0., 0.]]), array([[0., 1., 1., 0.],
       [0., 0., 0., 1.],
       [0., 0., 0., 0.],
       [0., 0., 0., 0.]]), array([[0., 1., 1., 0.],
       [0., 0., 0., 1.],
       [0., 0., 0., 1.],
       [0., 0., 0., 0.]]), array([[0., 1., 1., 0.],
       [0., 0., 1., 0.],
       [0., 0., 0., 0.],
       [0., 0., 0., 0.]]), array([[0., 1., 1., 0.],
       [0., 0., 1., 0.],
       [0., 0., 0., 1.],
       [0., 0., 0., 0.]]), array([[0., 1., 1., 0.],
       [0., 0., 1., 1.],
       [0., 0., 0., 0.],
       [0., 0., 0., 0.]]), array([[0., 1., 1., 0.],
       [0., 0., 1., 1.],
       [0., 0., 0., 1.],
       [0., 0., 0., 0.]]), array([[0., 1., 1., 1.],
       [0., 0., 0., 0.],
       [0., 0., 0., 0.],
       [0., 0., 0., 0.]]), array([[0., 1., 1., 1.],
       [0., 0., 0., 0.],
       [0., 0., 0., 1.],
       [0., 0., 0., 0.]]), array([[0., 1., 1., 1.],
       [0., 0., 0., 1.],
       [0., 0., 0., 0.],
       [0., 0., 0., 0.]]), array([[0., 1., 1., 1.],
       [0., 0., 1., 0.],
       [0., 0., 0., 0.],
       [0., 0., 0., 0.]]), array([[0., 1., 1., 1.],
       [0., 0., 1., 0.],
       [0., 0., 0., 1.],
       [0., 0., 0., 0.]]), array([[0., 1., 1., 1.],
       [0., 0., 1., 1.],
       [0., 0., 0., 0.],
       [0., 0., 0., 0.]])], [-39.86313713864835, -39.86313713864835, -39.86313713864835, 269.68144634825785, -39.86313713864835, -39.86313713864835, -39.86313713864835, 269.68144634825785, -39.86313713864835, -38.79713342207913, 42.38597803068874, -39.86313713864835, -38.79713342207913, 42.38597803068874, -39.86313713864835, -39.86313713864835, -39.86313713864835, 269.6814463482579, -34.69040353378465, -34.69040353378465, -34.69040353378465, 274.85417995312156, -39.86313713864835, -38.79713342207912, 42.38597803068868, -34.69040353378465, -33.62439981721542, 47.558711635552434, -39.86313713864835, -39.86313713864835, -39.86313713864835, 269.68144634825785, -39.86313713864835, -39.86313713864835, -39.86313713864835, 269.68144634825785, -39.86313713864835, -38.79713342207913, 42.38597803068874, -39.86313713864835, -38.79713342207913, 42.38597803068874, -39.86313713864835, -39.86313713864835, -39.86313713864835, 269.6814463482579, -34.69040353378465, -34.69040353378465, -34.69040353378465, 274.85417995312156, -39.86313713864835, -38.79713342207912, 42.38597803068868, -34.69040353378465, -33.62439981721542, 47.558711635552434])
    graph_score: 309.5445834869063
[Sample 23]
    C: [{3}, {1}, {2}, {0}]
    G: [[0. 0. 1. 0.]
 [0. 0. 0. 1.]
 [0. 0. 0. 1.]
 [0. 0. 0. 0.]]
    cluster score: (453.03418053196157, [array([[0., 0., 0.],
       [0., 0., 0.],
       [0., 0., 0.]]), array([[0., 0., 0.],
       [0., 0., 1.],
       [0., 0., 0.]]), array([[0., 0., 1.],
       [0., 0., 0.],
       [0., 0., 0.]]), array([[0., 0., 1.],
       [0., 0., 1.],
       [0., 0., 0.]]), array([[0., 1., 0.],
       [0., 0., 0.],
       [0., 0., 0.]]), array([[0., 1., 0.],
       [0., 0., 1.],
       [0., 0., 0.]]), array([[0., 1., 1.],
       [0., 0., 0.],
       [0., 0., 0.]]), array([[0., 1., 1.],
       [0., 0., 1.],
       [0., 0., 0.]])], [-43.99240600498786, -43.99240600498786, 38.25670916434922, 265.8997259018799, -38.81967240012417, -38.81967240012417, 43.42944276921291, 271.0724595067436])
    graph_score: 315.5438376027387
[Sample 24]
    C: [{1, 3}, {2}, {0}]
    G: [[0. 1. 1.]
 [0. 0. 1.]
 [0. 0. 0.]]
    cluster score: (982.9602096862842, [array([[0., 0., 0., 0.],
       [0., 0., 0., 0.],
       [0., 0., 0., 0.],
       [0., 0., 0., 0.]]), array([[0., 0., 0., 0.],
       [0., 0., 0., 0.],
       [0., 0., 0., 1.],
       [0., 0., 0., 0.]]), array([[0., 0., 0., 0.],
       [0., 0., 0., 1.],
       [0., 0., 0., 0.],
       [0., 0., 0., 0.]]), array([[0., 0., 0., 0.],
       [0., 0., 0., 1.],
       [0., 0., 0., 1.],
       [0., 0., 0., 0.]]), array([[0., 0., 0., 0.],
       [0., 0., 1., 0.],
       [0., 0., 0., 0.],
       [0., 0., 0., 0.]]), array([[0., 0., 0., 0.],
       [0., 0., 1., 0.],
       [0., 0., 0., 1.],
       [0., 0., 0., 0.]]), array([[0., 0., 0., 0.],
       [0., 0., 1., 1.],
       [0., 0., 0., 0.],
       [0., 0., 0., 0.]]), array([[0., 0., 0., 0.],
       [0., 0., 1., 1.],
       [0., 0., 0., 1.],
       [0., 0., 0., 0.]]), array([[0., 0., 0., 1.],
       [0., 0., 0., 0.],
       [0., 0., 0., 0.],
       [0., 0., 0., 0.]]), array([[0., 0., 0., 1.],
       [0., 0., 0., 0.],
       [0., 0., 0., 1.],
       [0., 0., 0., 0.]]), array([[0., 0., 0., 1.],
       [0., 0., 0., 1.],
       [0., 0., 0., 0.],
       [0., 0., 0., 0.]]), array([[0., 0., 0., 1.],
       [0., 0., 1., 0.],
       [0., 0., 0., 0.],
       [0., 0., 0., 0.]]), array([[0., 0., 0., 1.],
       [0., 0., 1., 0.],
       [0., 0., 0., 1.],
       [0., 0., 0., 0.]]), array([[0., 0., 0., 1.],
       [0., 0., 1., 1.],
       [0., 0., 0., 0.],
       [0., 0., 0., 0.]]), array([[0., 0., 1., 0.],
       [0., 0., 0., 0.],
       [0., 0., 0., 0.],
       [0., 0., 0., 0.]]), array([[0., 0., 1., 0.],
       [0., 0., 0., 0.],
       [0., 0., 0., 1.],
       [0., 0., 0., 0.]]), array([[0., 0., 1., 0.],
       [0., 0., 0., 1.],
       [0., 0., 0., 0.],
       [0., 0., 0., 0.]]), array([[0., 0., 1., 0.],
       [0., 0., 0., 1.],
       [0., 0., 0., 1.],
       [0., 0., 0., 0.]]), array([[0., 0., 1., 0.],
       [0., 0., 1., 0.],
       [0., 0., 0., 0.],
       [0., 0., 0., 0.]]), array([[0., 0., 1., 0.],
       [0., 0., 1., 0.],
       [0., 0., 0., 1.],
       [0., 0., 0., 0.]]), array([[0., 0., 1., 0.],
       [0., 0., 1., 1.],
       [0., 0., 0., 0.],
       [0., 0., 0., 0.]]), array([[0., 0., 1., 0.],
       [0., 0., 1., 1.],
       [0., 0., 0., 1.],
       [0., 0., 0., 0.]]), array([[0., 0., 1., 1.],
       [0., 0., 0., 0.],
       [0., 0., 0., 0.],
       [0., 0., 0., 0.]]), array([[0., 0., 1., 1.],
       [0., 0., 0., 0.],
       [0., 0., 0., 1.],
       [0., 0., 0., 0.]]), array([[0., 0., 1., 1.],
       [0., 0., 0., 1.],
       [0., 0., 0., 0.],
       [0., 0., 0., 0.]]), array([[0., 0., 1., 1.],
       [0., 0., 1., 0.],
       [0., 0., 0., 0.],
       [0., 0., 0., 0.]]), array([[0., 0., 1., 1.],
       [0., 0., 1., 0.],
       [0., 0., 0., 1.],
       [0., 0., 0., 0.]]), array([[0., 0., 1., 1.],
       [0., 0., 1., 1.],
       [0., 0., 0., 0.],
       [0., 0., 0., 0.]]), array([[0., 1., 0., 0.],
       [0., 0., 0., 0.],
       [0., 0., 0., 0.],
       [0., 0., 0., 0.]]), array([[0., 1., 0., 0.],
       [0., 0., 0., 0.],
       [0., 0., 0., 1.],
       [0., 0., 0., 0.]]), array([[0., 1., 0., 0.],
       [0., 0., 0., 1.],
       [0., 0., 0., 0.],
       [0., 0., 0., 0.]]), array([[0., 1., 0., 0.],
       [0., 0., 0., 1.],
       [0., 0., 0., 1.],
       [0., 0., 0., 0.]]), array([[0., 1., 0., 0.],
       [0., 0., 1., 0.],
       [0., 0., 0., 0.],
       [0., 0., 0., 0.]]), array([[0., 1., 0., 0.],
       [0., 0., 1., 0.],
       [0., 0., 0., 1.],
       [0., 0., 0., 0.]]), array([[0., 1., 0., 0.],
       [0., 0., 1., 1.],
       [0., 0., 0., 0.],
       [0., 0., 0., 0.]]), array([[0., 1., 0., 0.],
       [0., 0., 1., 1.],
       [0., 0., 0., 1.],
       [0., 0., 0., 0.]]), array([[0., 1., 0., 1.],
       [0., 0., 0., 0.],
       [0., 0., 0., 0.],
       [0., 0., 0., 0.]]), array([[0., 1., 0., 1.],
       [0., 0., 0., 0.],
       [0., 0., 0., 1.],
       [0., 0., 0., 0.]]), array([[0., 1., 0., 1.],
       [0., 0., 0., 1.],
       [0., 0., 0., 0.],
       [0., 0., 0., 0.]]), array([[0., 1., 0., 1.],
       [0., 0., 1., 0.],
       [0., 0., 0., 0.],
       [0., 0., 0., 0.]]), array([[0., 1., 0., 1.],
       [0., 0., 1., 0.],
       [0., 0., 0., 1.],
       [0., 0., 0., 0.]]), array([[0., 1., 0., 1.],
       [0., 0., 1., 1.],
       [0., 0., 0., 0.],
       [0., 0., 0., 0.]]), array([[0., 1., 1., 0.],
       [0., 0., 0., 0.],
       [0., 0., 0., 0.],
       [0., 0., 0., 0.]]), array([[0., 1., 1., 0.],
       [0., 0., 0., 0.],
       [0., 0., 0., 1.],
       [0., 0., 0., 0.]]), array([[0., 1., 1., 0.],
       [0., 0., 0., 1.],
       [0., 0., 0., 0.],
       [0., 0., 0., 0.]]), array([[0., 1., 1., 0.],
       [0., 0., 0., 1.],
       [0., 0., 0., 1.],
       [0., 0., 0., 0.]]), array([[0., 1., 1., 0.],
       [0., 0., 1., 0.],
       [0., 0., 0., 0.],
       [0., 0., 0., 0.]]), array([[0., 1., 1., 0.],
       [0., 0., 1., 0.],
       [0., 0., 0., 1.],
       [0., 0., 0., 0.]]), array([[0., 1., 1., 0.],
       [0., 0., 1., 1.],
       [0., 0., 0., 0.],
       [0., 0., 0., 0.]]), array([[0., 1., 1., 0.],
       [0., 0., 1., 1.],
       [0., 0., 0., 1.],
       [0., 0., 0., 0.]]), array([[0., 1., 1., 1.],
       [0., 0., 0., 0.],
       [0., 0., 0., 0.],
       [0., 0., 0., 0.]]), array([[0., 1., 1., 1.],
       [0., 0., 0., 0.],
       [0., 0., 0., 1.],
       [0., 0., 0., 0.]]), array([[0., 1., 1., 1.],
       [0., 0., 0., 1.],
       [0., 0., 0., 0.],
       [0., 0., 0., 0.]]), array([[0., 1., 1., 1.],
       [0., 0., 1., 0.],
       [0., 0., 0., 0.],
       [0., 0., 0., 0.]]), array([[0., 1., 1., 1.],
       [0., 0., 1., 0.],
       [0., 0., 0., 1.],
       [0., 0., 0., 0.]]), array([[0., 1., 1., 1.],
       [0., 0., 1., 1.],
       [0., 0., 0., 0.],
       [0., 0., 0., 0.]])], [-39.86313713864835, -39.86313713864835, -39.86313713864835, -38.79713342207913, -39.86313713864835, -39.86313713864835, -39.86313713864835, -38.79713342207912, -39.86313713864835, 269.68144634825785, 42.38597803068874, -39.86313713864835, 269.6814463482579, 42.38597803068868, -39.86313713864835, -39.86313713864835, -39.86313713864835, -38.79713342207913, -34.69040353378465, -34.69040353378465, -34.69040353378465, -33.62439981721542, -39.86313713864835, 269.68144634825785, 42.38597803068874, -34.69040353378465, 274.85417995312156, 47.558711635552434, -39.86313713864835, -39.86313713864835, -39.86313713864835, -38.79713342207913, -39.86313713864835, -39.86313713864835, -39.86313713864835, -38.79713342207912, -39.86313713864835, 269.68144634825785, 42.38597803068874, -39.86313713864835, 269.6814463482579, 42.38597803068868, -39.86313713864835, -39.86313713864835, -39.86313713864835, -38.79713342207913, -34.69040353378465, -34.69040353378465, -34.69040353378465, -33.62439981721542, -39.86313713864835, 269.68144634825785, 42.38597803068874, -34.69040353378465, 274.85417995312156, 47.558711635552434])
    graph_score: 82.24911516933703
[Sample 25]
    C: [{1}, {3}, {2}, {0}]
    G: [[0. 1. 0. 1.]
 [0. 0. 1. 1.]
 [0. 0. 0. 0.]
 [0. 0. 0. 0.]]
    cluster score: (453.03418053196157, [array([[0., 0., 0.],
       [0., 0., 0.],
       [0., 0., 0.]]), array([[0., 0., 0.],
       [0., 0., 1.],
       [0., 0., 0.]]), array([[0., 0., 1.],
       [0., 0., 0.],
       [0., 0., 0.]]), array([[0., 0., 1.],
       [0., 0., 1.],
       [0., 0., 0.]]), array([[0., 1., 0.],
       [0., 0., 0.],
       [0., 0., 0.]]), array([[0., 1., 0.],
       [0., 0., 1.],
       [0., 0., 0.]]), array([[0., 1., 1.],
       [0., 0., 0.],
       [0., 0., 0.]]), array([[0., 1., 1.],
       [0., 0., 1.],
       [0., 0., 0.]])], [-43.99240600498786, -43.99240600498786, 38.25670916434922, 265.8997259018799, -38.81967240012417, -38.81967240012417, 43.42944276921291, 271.0724595067436])
    graph_score: 315.5438376027387
[Sample 26]
    C: [{1, 3}, {2}, {0}]
    G: [[0. 1. 1.]
 [0. 0. 1.]
 [0. 0. 0.]]
    cluster score: (982.9602096862847, [array([[0., 0., 0., 0.],
       [0., 0., 0., 0.],
       [0., 0., 0., 0.],
       [0., 0., 0., 0.]]), array([[0., 0., 0., 0.],
       [0., 0., 0., 0.],
       [0., 0., 0., 1.],
       [0., 0., 0., 0.]]), array([[0., 0., 0., 0.],
       [0., 0., 0., 1.],
       [0., 0., 0., 0.],
       [0., 0., 0., 0.]]), array([[0., 0., 0., 0.],
       [0., 0., 0., 1.],
       [0., 0., 0., 1.],
       [0., 0., 0., 0.]]), array([[0., 0., 0., 0.],
       [0., 0., 1., 0.],
       [0., 0., 0., 0.],
       [0., 0., 0., 0.]]), array([[0., 0., 0., 0.],
       [0., 0., 1., 0.],
       [0., 0., 0., 1.],
       [0., 0., 0., 0.]]), array([[0., 0., 0., 0.],
       [0., 0., 1., 1.],
       [0., 0., 0., 0.],
       [0., 0., 0., 0.]]), array([[0., 0., 0., 0.],
       [0., 0., 1., 1.],
       [0., 0., 0., 1.],
       [0., 0., 0., 0.]]), array([[0., 0., 0., 1.],
       [0., 0., 0., 0.],
       [0., 0., 0., 0.],
       [0., 0., 0., 0.]]), array([[0., 0., 0., 1.],
       [0., 0., 0., 0.],
       [0., 0., 0., 1.],
       [0., 0., 0., 0.]]), array([[0., 0., 0., 1.],
       [0., 0., 0., 1.],
       [0., 0., 0., 0.],
       [0., 0., 0., 0.]]), array([[0., 0., 0., 1.],
       [0., 0., 1., 0.],
       [0., 0., 0., 0.],
       [0., 0., 0., 0.]]), array([[0., 0., 0., 1.],
       [0., 0., 1., 0.],
       [0., 0., 0., 1.],
       [0., 0., 0., 0.]]), array([[0., 0., 0., 1.],
       [0., 0., 1., 1.],
       [0., 0., 0., 0.],
       [0., 0., 0., 0.]]), array([[0., 0., 1., 0.],
       [0., 0., 0., 0.],
       [0., 0., 0., 0.],
       [0., 0., 0., 0.]]), array([[0., 0., 1., 0.],
       [0., 0., 0., 0.],
       [0., 0., 0., 1.],
       [0., 0., 0., 0.]]), array([[0., 0., 1., 0.],
       [0., 0., 0., 1.],
       [0., 0., 0., 0.],
       [0., 0., 0., 0.]]), array([[0., 0., 1., 0.],
       [0., 0., 0., 1.],
       [0., 0., 0., 1.],
       [0., 0., 0., 0.]]), array([[0., 0., 1., 0.],
       [0., 0., 1., 0.],
       [0., 0., 0., 0.],
       [0., 0., 0., 0.]]), array([[0., 0., 1., 0.],
       [0., 0., 1., 0.],
       [0., 0., 0., 1.],
       [0., 0., 0., 0.]]), array([[0., 0., 1., 0.],
       [0., 0., 1., 1.],
       [0., 0., 0., 0.],
       [0., 0., 0., 0.]]), array([[0., 0., 1., 0.],
       [0., 0., 1., 1.],
       [0., 0., 0., 1.],
       [0., 0., 0., 0.]]), array([[0., 0., 1., 1.],
       [0., 0., 0., 0.],
       [0., 0., 0., 0.],
       [0., 0., 0., 0.]]), array([[0., 0., 1., 1.],
       [0., 0., 0., 0.],
       [0., 0., 0., 1.],
       [0., 0., 0., 0.]]), array([[0., 0., 1., 1.],
       [0., 0., 0., 1.],
       [0., 0., 0., 0.],
       [0., 0., 0., 0.]]), array([[0., 0., 1., 1.],
       [0., 0., 1., 0.],
       [0., 0., 0., 0.],
       [0., 0., 0., 0.]]), array([[0., 0., 1., 1.],
       [0., 0., 1., 0.],
       [0., 0., 0., 1.],
       [0., 0., 0., 0.]]), array([[0., 0., 1., 1.],
       [0., 0., 1., 1.],
       [0., 0., 0., 0.],
       [0., 0., 0., 0.]]), array([[0., 1., 0., 0.],
       [0., 0., 0., 0.],
       [0., 0., 0., 0.],
       [0., 0., 0., 0.]]), array([[0., 1., 0., 0.],
       [0., 0., 0., 0.],
       [0., 0., 0., 1.],
       [0., 0., 0., 0.]]), array([[0., 1., 0., 0.],
       [0., 0., 0., 1.],
       [0., 0., 0., 0.],
       [0., 0., 0., 0.]]), array([[0., 1., 0., 0.],
       [0., 0., 0., 1.],
       [0., 0., 0., 1.],
       [0., 0., 0., 0.]]), array([[0., 1., 0., 0.],
       [0., 0., 1., 0.],
       [0., 0., 0., 0.],
       [0., 0., 0., 0.]]), array([[0., 1., 0., 0.],
       [0., 0., 1., 0.],
       [0., 0., 0., 1.],
       [0., 0., 0., 0.]]), array([[0., 1., 0., 0.],
       [0., 0., 1., 1.],
       [0., 0., 0., 0.],
       [0., 0., 0., 0.]]), array([[0., 1., 0., 0.],
       [0., 0., 1., 1.],
       [0., 0., 0., 1.],
       [0., 0., 0., 0.]]), array([[0., 1., 0., 1.],
       [0., 0., 0., 0.],
       [0., 0., 0., 0.],
       [0., 0., 0., 0.]]), array([[0., 1., 0., 1.],
       [0., 0., 0., 0.],
       [0., 0., 0., 1.],
       [0., 0., 0., 0.]]), array([[0., 1., 0., 1.],
       [0., 0., 0., 1.],
       [0., 0., 0., 0.],
       [0., 0., 0., 0.]]), array([[0., 1., 0., 1.],
       [0., 0., 1., 0.],
       [0., 0., 0., 0.],
       [0., 0., 0., 0.]]), array([[0., 1., 0., 1.],
       [0., 0., 1., 0.],
       [0., 0., 0., 1.],
       [0., 0., 0., 0.]]), array([[0., 1., 0., 1.],
       [0., 0., 1., 1.],
       [0., 0., 0., 0.],
       [0., 0., 0., 0.]]), array([[0., 1., 1., 0.],
       [0., 0., 0., 0.],
       [0., 0., 0., 0.],
       [0., 0., 0., 0.]]), array([[0., 1., 1., 0.],
       [0., 0., 0., 0.],
       [0., 0., 0., 1.],
       [0., 0., 0., 0.]]), array([[0., 1., 1., 0.],
       [0., 0., 0., 1.],
       [0., 0., 0., 0.],
       [0., 0., 0., 0.]]), array([[0., 1., 1., 0.],
       [0., 0., 0., 1.],
       [0., 0., 0., 1.],
       [0., 0., 0., 0.]]), array([[0., 1., 1., 0.],
       [0., 0., 1., 0.],
       [0., 0., 0., 0.],
       [0., 0., 0., 0.]]), array([[0., 1., 1., 0.],
       [0., 0., 1., 0.],
       [0., 0., 0., 1.],
       [0., 0., 0., 0.]]), array([[0., 1., 1., 0.],
       [0., 0., 1., 1.],
       [0., 0., 0., 0.],
       [0., 0., 0., 0.]]), array([[0., 1., 1., 0.],
       [0., 0., 1., 1.],
       [0., 0., 0., 1.],
       [0., 0., 0., 0.]]), array([[0., 1., 1., 1.],
       [0., 0., 0., 0.],
       [0., 0., 0., 0.],
       [0., 0., 0., 0.]]), array([[0., 1., 1., 1.],
       [0., 0., 0., 0.],
       [0., 0., 0., 1.],
       [0., 0., 0., 0.]]), array([[0., 1., 1., 1.],
       [0., 0., 0., 1.],
       [0., 0., 0., 0.],
       [0., 0., 0., 0.]]), array([[0., 1., 1., 1.],
       [0., 0., 1., 0.],
       [0., 0., 0., 0.],
       [0., 0., 0., 0.]]), array([[0., 1., 1., 1.],
       [0., 0., 1., 0.],
       [0., 0., 0., 1.],
       [0., 0., 0., 0.]]), array([[0., 1., 1., 1.],
       [0., 0., 1., 1.],
       [0., 0., 0., 0.],
       [0., 0., 0., 0.]])], [-39.86313713864835, -39.86313713864835, -39.86313713864835, 269.68144634825785, -39.86313713864835, -39.86313713864835, -39.86313713864835, 269.68144634825785, -39.86313713864835, -38.79713342207913, 42.38597803068874, -39.86313713864835, -38.79713342207913, 42.38597803068874, -39.86313713864835, -39.86313713864835, -39.86313713864835, 269.6814463482579, -34.69040353378465, -34.69040353378465, -34.69040353378465, 274.85417995312156, -39.86313713864835, -38.79713342207912, 42.38597803068868, -34.69040353378465, -33.62439981721542, 47.558711635552434, -39.86313713864835, -39.86313713864835, -39.86313713864835, 269.68144634825785, -39.86313713864835, -39.86313713864835, -39.86313713864835, 269.68144634825785, -39.86313713864835, -38.79713342207913, 42.38597803068874, -39.86313713864835, -38.79713342207913, 42.38597803068874, -39.86313713864835, -39.86313713864835, -39.86313713864835, 269.6814463482579, -34.69040353378465, -34.69040353378465, -34.69040353378465, 274.85417995312156, -39.86313713864835, -38.79713342207912, 42.38597803068868, -34.69040353378465, -33.62439981721542, 47.558711635552434])
    graph_score: 309.5445834869063
[Sample 27]
    C: [{3}, {1}, {2}, {0}]
    G: [[0. 0. 1. 0.]
 [0. 0. 0. 1.]
 [0. 0. 0. 1.]
 [0. 0. 0. 0.]]
    cluster score: (982.9602096862847, [array([[0., 0., 0., 0.],
       [0., 0., 0., 0.],
       [0., 0., 0., 0.],
       [0., 0., 0., 0.]]), array([[0., 0., 0., 0.],
       [0., 0., 0., 0.],
       [0., 0., 0., 1.],
       [0., 0., 0., 0.]]), array([[0., 0., 0., 0.],
       [0., 0., 0., 1.],
       [0., 0., 0., 0.],
       [0., 0., 0., 0.]]), array([[0., 0., 0., 0.],
       [0., 0., 0., 1.],
       [0., 0., 0., 1.],
       [0., 0., 0., 0.]]), array([[0., 0., 0., 0.],
       [0., 0., 1., 0.],
       [0., 0., 0., 0.],
       [0., 0., 0., 0.]]), array([[0., 0., 0., 0.],
       [0., 0., 1., 0.],
       [0., 0., 0., 1.],
       [0., 0., 0., 0.]]), array([[0., 0., 0., 0.],
       [0., 0., 1., 1.],
       [0., 0., 0., 0.],
       [0., 0., 0., 0.]]), array([[0., 0., 0., 0.],
       [0., 0., 1., 1.],
       [0., 0., 0., 1.],
       [0., 0., 0., 0.]]), array([[0., 0., 0., 1.],
       [0., 0., 0., 0.],
       [0., 0., 0., 0.],
       [0., 0., 0., 0.]]), array([[0., 0., 0., 1.],
       [0., 0., 0., 0.],
       [0., 0., 0., 1.],
       [0., 0., 0., 0.]]), array([[0., 0., 0., 1.],
       [0., 0., 0., 1.],
       [0., 0., 0., 0.],
       [0., 0., 0., 0.]]), array([[0., 0., 0., 1.],
       [0., 0., 1., 0.],
       [0., 0., 0., 0.],
       [0., 0., 0., 0.]]), array([[0., 0., 0., 1.],
       [0., 0., 1., 0.],
       [0., 0., 0., 1.],
       [0., 0., 0., 0.]]), array([[0., 0., 0., 1.],
       [0., 0., 1., 1.],
       [0., 0., 0., 0.],
       [0., 0., 0., 0.]]), array([[0., 0., 1., 0.],
       [0., 0., 0., 0.],
       [0., 0., 0., 0.],
       [0., 0., 0., 0.]]), array([[0., 0., 1., 0.],
       [0., 0., 0., 0.],
       [0., 0., 0., 1.],
       [0., 0., 0., 0.]]), array([[0., 0., 1., 0.],
       [0., 0., 0., 1.],
       [0., 0., 0., 0.],
       [0., 0., 0., 0.]]), array([[0., 0., 1., 0.],
       [0., 0., 0., 1.],
       [0., 0., 0., 1.],
       [0., 0., 0., 0.]]), array([[0., 0., 1., 0.],
       [0., 0., 1., 0.],
       [0., 0., 0., 0.],
       [0., 0., 0., 0.]]), array([[0., 0., 1., 0.],
       [0., 0., 1., 0.],
       [0., 0., 0., 1.],
       [0., 0., 0., 0.]]), array([[0., 0., 1., 0.],
       [0., 0., 1., 1.],
       [0., 0., 0., 0.],
       [0., 0., 0., 0.]]), array([[0., 0., 1., 0.],
       [0., 0., 1., 1.],
       [0., 0., 0., 1.],
       [0., 0., 0., 0.]]), array([[0., 0., 1., 1.],
       [0., 0., 0., 0.],
       [0., 0., 0., 0.],
       [0., 0., 0., 0.]]), array([[0., 0., 1., 1.],
       [0., 0., 0., 0.],
       [0., 0., 0., 1.],
       [0., 0., 0., 0.]]), array([[0., 0., 1., 1.],
       [0., 0., 0., 1.],
       [0., 0., 0., 0.],
       [0., 0., 0., 0.]]), array([[0., 0., 1., 1.],
       [0., 0., 1., 0.],
       [0., 0., 0., 0.],
       [0., 0., 0., 0.]]), array([[0., 0., 1., 1.],
       [0., 0., 1., 0.],
       [0., 0., 0., 1.],
       [0., 0., 0., 0.]]), array([[0., 0., 1., 1.],
       [0., 0., 1., 1.],
       [0., 0., 0., 0.],
       [0., 0., 0., 0.]]), array([[0., 1., 0., 0.],
       [0., 0., 0., 0.],
       [0., 0., 0., 0.],
       [0., 0., 0., 0.]]), array([[0., 1., 0., 0.],
       [0., 0., 0., 0.],
       [0., 0., 0., 1.],
       [0., 0., 0., 0.]]), array([[0., 1., 0., 0.],
       [0., 0., 0., 1.],
       [0., 0., 0., 0.],
       [0., 0., 0., 0.]]), array([[0., 1., 0., 0.],
       [0., 0., 0., 1.],
       [0., 0., 0., 1.],
       [0., 0., 0., 0.]]), array([[0., 1., 0., 0.],
       [0., 0., 1., 0.],
       [0., 0., 0., 0.],
       [0., 0., 0., 0.]]), array([[0., 1., 0., 0.],
       [0., 0., 1., 0.],
       [0., 0., 0., 1.],
       [0., 0., 0., 0.]]), array([[0., 1., 0., 0.],
       [0., 0., 1., 1.],
       [0., 0., 0., 0.],
       [0., 0., 0., 0.]]), array([[0., 1., 0., 0.],
       [0., 0., 1., 1.],
       [0., 0., 0., 1.],
       [0., 0., 0., 0.]]), array([[0., 1., 0., 1.],
       [0., 0., 0., 0.],
       [0., 0., 0., 0.],
       [0., 0., 0., 0.]]), array([[0., 1., 0., 1.],
       [0., 0., 0., 0.],
       [0., 0., 0., 1.],
       [0., 0., 0., 0.]]), array([[0., 1., 0., 1.],
       [0., 0., 0., 1.],
       [0., 0., 0., 0.],
       [0., 0., 0., 0.]]), array([[0., 1., 0., 1.],
       [0., 0., 1., 0.],
       [0., 0., 0., 0.],
       [0., 0., 0., 0.]]), array([[0., 1., 0., 1.],
       [0., 0., 1., 0.],
       [0., 0., 0., 1.],
       [0., 0., 0., 0.]]), array([[0., 1., 0., 1.],
       [0., 0., 1., 1.],
       [0., 0., 0., 0.],
       [0., 0., 0., 0.]]), array([[0., 1., 1., 0.],
       [0., 0., 0., 0.],
       [0., 0., 0., 0.],
       [0., 0., 0., 0.]]), array([[0., 1., 1., 0.],
       [0., 0., 0., 0.],
       [0., 0., 0., 1.],
       [0., 0., 0., 0.]]), array([[0., 1., 1., 0.],
       [0., 0., 0., 1.],
       [0., 0., 0., 0.],
       [0., 0., 0., 0.]]), array([[0., 1., 1., 0.],
       [0., 0., 0., 1.],
       [0., 0., 0., 1.],
       [0., 0., 0., 0.]]), array([[0., 1., 1., 0.],
       [0., 0., 1., 0.],
       [0., 0., 0., 0.],
       [0., 0., 0., 0.]]), array([[0., 1., 1., 0.],
       [0., 0., 1., 0.],
       [0., 0., 0., 1.],
       [0., 0., 0., 0.]]), array([[0., 1., 1., 0.],
       [0., 0., 1., 1.],
       [0., 0., 0., 0.],
       [0., 0., 0., 0.]]), array([[0., 1., 1., 0.],
       [0., 0., 1., 1.],
       [0., 0., 0., 1.],
       [0., 0., 0., 0.]]), array([[0., 1., 1., 1.],
       [0., 0., 0., 0.],
       [0., 0., 0., 0.],
       [0., 0., 0., 0.]]), array([[0., 1., 1., 1.],
       [0., 0., 0., 0.],
       [0., 0., 0., 1.],
       [0., 0., 0., 0.]]), array([[0., 1., 1., 1.],
       [0., 0., 0., 1.],
       [0., 0., 0., 0.],
       [0., 0., 0., 0.]]), array([[0., 1., 1., 1.],
       [0., 0., 1., 0.],
       [0., 0., 0., 0.],
       [0., 0., 0., 0.]]), array([[0., 1., 1., 1.],
       [0., 0., 1., 0.],
       [0., 0., 0., 1.],
       [0., 0., 0., 0.]]), array([[0., 1., 1., 1.],
       [0., 0., 1., 1.],
       [0., 0., 0., 0.],
       [0., 0., 0., 0.]])], [-39.86313713864835, -39.86313713864835, -39.86313713864835, 269.68144634825785, -39.86313713864835, -39.86313713864835, -39.86313713864835, 269.68144634825785, -39.86313713864835, -38.79713342207913, 42.38597803068874, -39.86313713864835, -38.79713342207913, 42.38597803068874, -39.86313713864835, -39.86313713864835, -39.86313713864835, 269.6814463482579, -34.69040353378465, -34.69040353378465, -34.69040353378465, 274.85417995312156, -39.86313713864835, -38.79713342207912, 42.38597803068868, -34.69040353378465, -33.62439981721542, 47.558711635552434, -39.86313713864835, -39.86313713864835, -39.86313713864835, 269.68144634825785, -39.86313713864835, -39.86313713864835, -39.86313713864835, 269.68144634825785, -39.86313713864835, -38.79713342207913, 42.38597803068874, -39.86313713864835, -38.79713342207913, 42.38597803068874, -39.86313713864835, -39.86313713864835, -39.86313713864835, 269.6814463482579, -34.69040353378465, -34.69040353378465, -34.69040353378465, 274.85417995312156, -39.86313713864835, -38.79713342207912, 42.38597803068868, -34.69040353378465, -33.62439981721542, 47.558711635552434])
    graph_score: 82.24911516933703
[Sample 28]
    C: [{3}, {1}, {2}, {0}]
    G: [[0. 1. 1. 1.]
 [0. 0. 0. 1.]
 [0. 0. 0. 0.]
 [0. 0. 0. 0.]]
    cluster score: (860.5154927222466, [array([[0., 0., 0.],
       [0., 0., 0.],
       [0., 0., 0.]]), array([[0., 0., 0.],
       [0., 0., 1.],
       [0., 0., 0.]]), array([[0., 0., 1.],
       [0., 0., 0.],
       [0., 0., 0.]]), array([[0., 0., 1.],
       [0., 0., 1.],
       [0., 0., 0.]]), array([[0., 1., 0.],
       [0., 0., 0.],
       [0., 0., 0.]]), array([[0., 1., 0.],
       [0., 0., 1.],
       [0., 0., 0.]]), array([[0., 1., 1.],
       [0., 0., 0.],
       [0., 0., 0.]]), array([[0., 1., 1.],
       [0., 0., 1.],
       [0., 0., 0.]])], [-42.80703426291577, 269.49874834611063, -41.741030546346636, 245.30706282427508, -42.80703426291577, 269.4987483461106, -41.741030546346636, 245.30706282427508])
    graph_score: 289.77844092027016
[Sample 29]
    C: [{3}, {1}, {0, 2}]
    G: [[0. 1. 1.]
 [0. 0. 1.]
 [0. 0. 0.]]
    cluster score: (557.9381348735346, [array([[0., 0.],
       [0., 0.]]), array([[0., 1.],
       [0., 0.]])], [277.8750813420699, 280.0630535314648])
    graph_score: 313.9833688826442
[Sample 30]
    C: [{3}, {0, 1, 2}]
    G: [[0. 1.]
 [0. 0.]]
    cluster score: (557.9381348735346, [array([[0., 0.],
       [0., 0.]]), array([[0., 1.],
       [0., 0.]])], [277.8750813420699, 280.0630535314648])
    graph_score: 313.9833688826442
[Sample 31]
    C: [{3}, {0, 1, 2}]
    G: [[0. 1.]
 [0. 0.]]
    cluster score: (557.9381348735346, [array([[0., 0.],
       [0., 0.]]), array([[0., 1.],
       [0., 0.]])], [277.8750813420699, 280.0630535314648])
    graph_score: 311.7953966932493
[Sample 32]
    C: [{3}, {0, 1, 2}]
    G: [[0. 0.]
 [0. 0.]]
    cluster score: (557.9381348735346, [array([[0., 0.],
       [0., 0.]]), array([[0., 1.],
       [0., 0.]])], [277.8750813420699, 280.0630535314648])
    graph_score: 311.7953966932493
[Sample 33]
    C: [{3}, {0, 1, 2}]
    G: [[0. 0.]
 [0. 0.]]
    cluster score: (557.9381348735346, [array([[0., 0.],
       [0., 0.]]), array([[0., 1.],
       [0., 0.]])], [277.8750813420699, 280.0630535314648])
    graph_score: 313.9833688826442
[Sample 34]
    C: [{3}, {0, 1, 2}]
    G: [[0. 1.]
 [0. 0.]]
    cluster score: (557.9381348735346, [array([[0., 0.],
       [0., 0.]]), array([[0., 1.],
       [0., 0.]])], [277.8750813420699, 280.0630535314648])
    graph_score: 311.7953966932493
[Sample 35]
    C: [{3}, {0, 1, 2}]
    G: [[0. 0.]
 [0. 0.]]
    cluster score: (557.9381348735346, [array([[0., 0.],
       [0., 0.]]), array([[0., 1.],
       [0., 0.]])], [277.8750813420699, 280.0630535314648])
    graph_score: 311.7953966932493
[Sample 36]
    C: [{3}, {0, 1, 2}]
    G: [[0. 0.]
 [0. 0.]]
    cluster score: (557.9381348735346, [array([[0., 0.],
       [0., 0.]]), array([[0., 1.],
       [0., 0.]])], [277.8750813420699, 280.0630535314648])
    graph_score: 313.9833688826442
[Sample 37]
    C: [{3}, {0, 1, 2}]
    G: [[0. 1.]
 [0. 0.]]
    cluster score: (557.9381348735346, [array([[0., 0.],
       [0., 0.]]), array([[0., 1.],
       [0., 0.]])], [277.8750813420699, 280.0630535314648])
    graph_score: 311.7953966932493
[Sample 38]
    C: [{3}, {0, 1, 2}]
    G: [[0. 0.]
 [0. 0.]]
    cluster score: (557.9381348735346, [array([[0., 0.],
       [0., 0.]]), array([[0., 1.],
       [0., 0.]])], [277.8750813420699, 280.0630535314648])
    graph_score: 313.9833688826442
[Sample 39]
    C: [{3}, {0, 1, 2}]
    G: [[0. 1.]
 [0. 0.]]
    cluster score: (557.9381348735346, [array([[0., 0.],
       [0., 0.]]), array([[0., 1.],
       [0., 0.]])], [277.8750813420699, 280.0630535314648])
    graph_score: 311.7953966932493
[Sample 40]
    C: [{3}, {0, 1, 2}]
    G: [[0. 0.]
 [0. 0.]]
    cluster score: (557.9381348735346, [array([[0., 0.],
       [0., 0.]]), array([[0., 1.],
       [0., 0.]])], [277.8750813420699, 280.0630535314648])
    graph_score: 311.7953966932493
[Sample 41]
    C: [{3}, {0, 1, 2}]
    G: [[0. 0.]
 [0. 0.]]
    cluster score: (557.9381348735346, [array([[0., 0.],
       [0., 0.]]), array([[0., 1.],
       [0., 0.]])], [277.8750813420699, 280.0630535314648])
    graph_score: 313.9833688826442
[Sample 42]
    C: [{3}, {0, 1, 2}]
    G: [[0. 1.]
 [0. 0.]]
    cluster score: (557.9381348735346, [array([[0., 0.],
       [0., 0.]]), array([[0., 1.],
       [0., 0.]])], [277.8750813420699, 280.0630535314648])
    graph_score: 311.7953966932493
[Sample 43]
    C: [{3}, {0, 1, 2}]
    G: [[0. 0.]
 [0. 0.]]
    cluster score: (557.9381348735346, [array([[0., 0.],
       [0., 0.]]), array([[0., 1.],
       [0., 0.]])], [277.8750813420699, 280.0630535314648])
    graph_score: 313.9833688826442
[Sample 44]
    C: [{3}, {0, 1, 2}]
    G: [[0. 1.]
 [0. 0.]]
    cluster score: (557.9381348735346, [array([[0., 0.],
       [0., 0.]]), array([[0., 1.],
       [0., 0.]])], [277.8750813420699, 280.0630535314648])
    graph_score: 313.9833688826442
[Sample 45]
    C: [{3}, {0, 1, 2}]
    G: [[0. 1.]
 [0. 0.]]
    cluster score: (557.9381348735346, [array([[0., 0.],
       [0., 0.]]), array([[0., 1.],
       [0., 0.]])], [277.8750813420699, 280.0630535314648])
    graph_score: 313.9833688826442
[Sample 46]
    C: [{3}, {0, 1, 2}]
    G: [[0. 1.]
 [0. 0.]]
    cluster score: (557.9381348735346, [array([[0., 0.],
       [0., 0.]]), array([[0., 1.],
       [0., 0.]])], [277.8750813420699, 280.0630535314648])
    graph_score: 313.9833688826442
[Sample 47]
    C: [{3}, {0, 1, 2}]
    G: [[0. 1.]
 [0. 0.]]
    cluster score: (557.9381348735346, [array([[0., 0.],
       [0., 0.]]), array([[0., 1.],
       [0., 0.]])], [277.8750813420699, 280.0630535314648])
    graph_score: 311.7953966932493
[Sample 48]
    C: [{3}, {0, 1, 2}]
    G: [[0. 0.]
 [0. 0.]]
    cluster score: (557.9381348735346, [array([[0., 0.],
       [0., 0.]]), array([[0., 1.],
       [0., 0.]])], [277.8750813420699, 280.0630535314648])
    graph_score: 311.7953966932493
[Sample 49]
    C: [{3}, {0, 1, 2}]
    G: [[0. 0.]
 [0. 0.]]
    cluster score: (557.9381348735346, [array([[0., 0.],
       [0., 0.]]), array([[0., 1.],
       [0., 0.]])], [277.8750813420699, 280.0630535314648])
    graph_score: 313.9833688826442
